1583932500       0
1584176400       2
1584219780       8
1584446400       12      
1584464401       12      
1584486002       20      
1584507602       20      
1584529202       20      
1584550802       26      
1584568802       30      
1584572402       30      
1584576002       30      
1584579602       30      
1584583202       30      
1584586802       30      
1584590401       30      
1584594002       30      
1584597602       30      
1584601202       30      
1584604801       33      
1584608402       33      
1584612002       33      
1584615602       33      
1584619202       33      
1584622802       33      
1584626401       33      
1584630002       33      
1584633601       33      
1584637202       33      
1584640802       33      
1584644402       33      
1584648002       45      
1584651602       45      
1584655202       45      
1584658803       45      
1584662402       45      
1584666002       45      
1584669602       45      
1584673202       45      
1584676802       45      
1584680401       45      
1584684002       45      
1584687602       45      
1584691202       45      
1584694802       45      
1584698401       45      
1584702002       45      
1584705602       45      
1584709202       45      
