1584653175       11      
1584655203       11      
1584658804       11      
1584662403       11      
1584666004       11      
1584669603       11      
1584673203       11      
1584676804       11      
1584680403       11      
1584684003       11      
1584687604       11      
1584691203       11      
1584694804       11      
1584698403       11      
1584702003       11      
1584705603       11      
1584709205       11      
1584712805       11      
1584716405       11      
1584720005       11      
1584723606       11      
1584727205       11      
1584730804       11      
1584734404       11      
1584738005       11      
1584741604       11      
1584745206       11      
1584748805       11      
1584752409       11      
1584756005       11      
1584759605       11      
1584763205       11      
1584766805       11      
1584770405       11      
1584774004       11      
1584777605       11      
1584781205       11      
1584784805       11      
1584788405       11      
1584792005       11      
1584795605       11      
1584799204       11      
